601869
300750
300747
300746
300745
300743
300742
300741
300740
300739
300738
300737
300736
300735
300733
300732
300731
300730
300729
300727
300726
300725
300723
300722
300721
300720
300719
300718
300717
300716
300715
300713
300712
300711
300710
300709
300708
300707
300706
300705
300703
300702
300701
300700
300699
300698
300697
300696
300695
300693
300692
300691
300690
300689
300688
300687
300686
300685
300684
300683
300682
300681
300680
300679
300678
300677
300676
300675
300673
300672
300671
300670
300669
300668
300667
300666
300665
300664
300663
300662
300661
300660
300659
300658
300657
300656
300655
300654
300653
300652
300651
300650
300649
300648
300647
300645
300644
300643
300642
300641
300640
300639
300638
300637
300636
300635
300634
300633
300632
300631
300630
300629
300628
300627
300626
300625
300624
300623
300622
300621
300620
300619
300618
300617
300616
300615
300613
300612
300611
300610
300609
300608
300607
300606
300605
300604
300603
300602
300601
300600
300599
300598
300597
300596
300595
300593
300592
300591
300590
300589
300588
300587
300586
300585
300584
300583
300582
300581
300580
300579
300578
300577
300576
300575
300573
300572
300571
300570
300569
300568
300567
300566
300565
300563
300562
300561
300560
300559
300558
300557
300556
300555
300554
300553
300552
300551
300550
300549
300548
300547
300546
300545
300543
300542
300541
300540
300539
300538
300537
300536
300535
300534
300533
300532
300531
300530
300529
300528
300527
300526
300525
300523
300522
300521
300520
300519
300518
300517
300516
300515
300514
300513
300512
300511
300510
300509
300508
300507
300506
300505
300504
300503
300502
300501
300500
300499
300498
300497
300496
300495
300494
300493
300492
300491
300490
300489
300488
300487
300486
300485
300484
300483
300482
300481
300480
300479
300478
300477
300476
300475
300474
300473
300472
300471
300470
300469
300468
300467
300466
300465
300464
300463
300462
300461
300460
300459
300458
300457
300456
300455
300454
300453
300452
300451
300450
300449
300448
300447
300446
300445
300444
300443
300442
300441
300440
300439
300438
300437
300436
300435
300434
300433
300432
300431
300430
300429
300428
300427
300426
300425
300424
300423
300422
300421
300420
300419
300418
300417
300416
300415
300414
300413
300412
300411
300410
300409
300408
300407
300406
300405
300404
300403
300402
300401
300400
300399
300398
300397
300396
300395
300394
300393
300392
300391
300390
300389
300388
300387
300386
300385
300384
300383
300382
300381
300380
300379
300378
300377
300376
300375
300374
300373
300371
300370
300369
300368
300367
300366
300365
300364
300363
300362
300360
300359
300358
300357
300356
300355
300354
300353
300352
300351
300350
300349
300348
300347
300346
300345
300344
300343
300342
300341
300340
300339
300338
300337
300336
300335
300334
300333
300332
300331
300330
300329
300328
300327
300326
300325
300324
300323
300322
300321
300320
300319
300318
300317
300316
300315
300314
300313
300312
300311
300310
300309
300308
300307
300306
300305
300304
300303
300302
300301
300300
300299
300298
300297
300296
300295
300294
300293
300292
300291
300290
300289
300288
300287
300286
300285
300284
300283
300282
300281
300280
300279
300278
300277
300276
300275
601268
600087